张B 226 28 46 75 77
张一 417 64 97 116 140
张六 157 32 10 34 81
张七 85 3 29 14 39
张八 328 47 95 80 106
张久 269 79 30 56 104
张三 174 25 94 26 29
张二 230 91 3 48 88
张四 142 17 5 99 21
张五 111 12 10 7 82
李B 216 44 81 33 58
李一 285 67 54 71 93
李六 285 80 29 128 48
李七 348 95 79 88 86
李八 269 99 26 103 41
李久 354 99 22 105 128
李三 258 26 93 107 32
李二 261 87 94 41 39
李四 342 62 96 59 125
李五 236 97 5 101 33
赵B 210 17 83 36 74
赵一 238 13 16 145 64
赵六 247 4 64 75 104
赵七 363 59 46 149 109
赵八 171 42 26 81 22
赵久 257 98 96 9 54
赵三 317 34 84 97 102
赵二 244 1 29 131 83
赵四 374 41 77 125 131
赵五 241 13 67 53 108
周B 385 37 90 121 137
周一 148 1 54 77 16
周六 269 51 20 56 142
周七 195 1 25 48 121
周八 278 8 78 72 120
周久 307 33 36 102 136
周三 212 38 37 134 3
周二 187 25 20 124 18
周四 262 92 96 38 36
周五 207 5 84 7 111
吴B 276 36 9 147 84
吴一 319 98 44 69 108
吴六 278 25 27 79 147
吴七 407 97 94 136 80
吴八 317 86 95 80 56
吴久 198 27 20 5 146
吴三 336 63 80 103 90
吴二 268 96 36 93 43
吴四 300 73 30 63 134
吴五 285 41 80 31 133
郑B 211 28 81 1 101
郑一 275 40 34 144 57
郑六 308 62 99 122 25
郑七 308 41 70 115 82
郑八 207 38 53 83 33
郑久 261 48 64 125 24
郑三 180 38 35 2 105
郑二 269 25 19 77 148
郑四 185 51 9 64 61
郑五 246 60 38 84 64
钱B 217 40 1 74 102
钱一 150 37 37 61 15
钱六 249 1 33 75 140
钱七 382 79 87 80 136
钱八 259 4 80 90 85
钱久 197 93 3 1 100
钱三 291 30 79 100 82
钱二 346 99 56 98 93
钱四 326 90 64 53 119
钱五 230 32 44 73 81
齐B 248 34 48 95 71
齐一 375 55 82 143 95
齐六 284 38 36 63 147
齐七 203 39 36 79 49
齐八 348 95 78 143 32
齐久 324 48 92 117 67
齐三 367 82 61 131 93
齐二 314 92 74 14 134
齐四 191 19 35 49 88
齐五 353 90 83 100 80
秦B 282 8 77 142 55
秦一 269 97 80 27 65
秦六 255 73 97 10 75
秦七 246 40 13 104 89
秦八 407 78 75 124 130
秦久 326 26 71 108 121
秦三 249 29 42 82 96
秦二 325 43 85 118 79
秦四 306 75 92 9 130
秦五 226 52 59 91 24
郭B 321 90 37 128 66
郭一 271 63 42 85 81
郭六 206 39 95 48 24
郭七 278 92 36 143 7
郭八 124 39 24 49 12
郭久 259 23 44 93 99
郭三 205 1 75 31 98
郭二 306 37 55 121 93
郭四 317 66 9 123 119
郭五 185 44 63 8 70
